Filetype: IR signals file
Version: 1
#
# Midea_AC_MAS12C2FSP
#
name: POWER-ON
type: raw
frequency: 38000
duty_cycle: 0.330000
data: 4454 4321 603 1547 602 472 602 1545 604 1545 604 470 604 470 604 1545 604 470 604 470 603 1545 578 497 577 497 577 1597 577 1571 578 496 577 1571 577 1571 577 498 576 1573 576 1574 574 1574 574 1575 574 1575 574 1575 574 500 574 1575 574 500 574 500 574 500 574 500 574 500 574 500 574 500 574 500 574 500 574 1575 574 500 574 500 574 500 574 500 574 1575 573 1575 574 1575 573 500 574 1575 573 1575 574 1575 573 1575 573 5165 4428 4350 573 1575 573 500 574 1575 573 1575 573 500 574 500 574 1575 573 500 574 500 573 1574 574 500 574 500 574 1574 574 1574 574 500 574 1574 574 1575 573 500 573 1575 573 1575 573 1575 573 1575 573 1575 573 1575 573 501 573 1575 573 500 573 500 573 501 573 500 574 500 574 501 572 501 573 501 572 501 572 1575 573 501 572 501 573 501 572 501 573 1575 573 1576 572 1575 573 501 573 1576 572 1576 572 1576 572 1576 572
# 
name: POWER-OFF
type: raw
frequency: 38000
duty_cycle: 0.330000
data: 4454 4321 602 1545 603 472 602 1546 602 1546 602 472 602 471 603 1545 603 471 602 471 603 1545 577 498 575 498 575 1573 601 1572 576 496 577 1571 576 498 575 1573 574 1574 573 1575 573 1575 573 500 573 1575 573 1575 573 1575 573 501 572 501 573 501 572 501 572 1575 573 501 573 501 572 1575 573 1575 573 1575 573 501 573 501 572 501 572 501 572 501 572 501 572 501 572 501 572 1575 573 1575 573 1575 573 1575 573 1575 573 5165 4424 4349 573 1575 573 500 573 1574 573 1575 572 501 573 500 573 1574 573 500 573 500 573 1574 573 500 573 500 573 1574 573 1575 572 500 573 1574 573 501 572 1575 573 1575 572 1575 572 1575 572 501 572 1575 572 1575 572 1575 572 501 572 501 572 501 572 501 572 1575 572 501 572 501 572 1575 572 1575 572 1576 571 501 572 501 572 501 572 501 572 501 572 501 572 501 572 501 572 1575 572 1576 571 1576 571 1576 571 1576 571
# 
name: TEMP-
type: raw
frequency: 38000
duty_cycle: 0.330000
data: 4483 4289 633 1515 633 440 633 1514 688 1460 632 441 632 440 633 1514 633 466 607 466 607 1541 551 522 551 521 552 1596 578 1569 579 495 604 1543 595 478 576 498 575 1572 575 1573 574 1573 575 1574 574 1574 574 1574 574 1574 574 1574 574 499 574 499 574 500 574 500 573 500 573 500 573 500 573 499 574 499 574 500 573 500 573 500 573 500 573 500 573 1574 573 1574 574 1574 574 1574 574 1574 574 1574 574 1574 574 1574 574 5164 4426 4349 573 1574 574 500 573 1574 574 1574 574 500 573 500 573 1574 574 500 573 500 573 1574 574 500 573 500 573 1575 572 1575 573 500 573 1575 572 501 572 501 572 1575 573 1575 572 1575 572 1575 573 1575 572 1575 573 1575 573 1575 573 501 573 501 572 501 572 501 572 501 572 501 572 501 572 501 572 501 573 501 572 501 572 501 572 501 572 501 572 1576 571 1576 572 1576 571 1576 572 1576 572 1576 572 1576 571 1576 572
# 
name: TEMP+
type: raw
frequency: 38000
duty_cycle: 0.330000
data: 4456 4318 634 1515 633 441 688 1459 688 1460 633 442 632 440 633 1540 607 466 607 466 607 1541 552 521 552 521 552 1596 578 1569 579 495 578 1569 578 496 577 497 576 1572 575 1573 575 1573 575 1573 575 1573 575 1573 575 1573 574 1573 575 499 574 499 575 499 574 499 575 499 574 499 574 499 575 499 574 499 574 1574 574 499 574 499 574 499 574 499 574 1574 574 1574 574 1574 574 499 574 1574 574 1574 574 1574 574 1574 574 5164 4426 4348 574 1574 573 500 573 1574 574 1574 574 500 573 500 573 1574 574 500 573 500 573 1574 574 500 574 500 573 1574 574 1574 574 500 573 1575 573 500 573 500 574 1574 574 1574 574 1574 574 1575 573 1574 573 1575 573 1574 574 1575 573 500 574 500 573 500 574 500 573 500 574 500 573 500 573 500 573 500 573 1575 573 501 573 500 574 500 573 501 573 1575 572 1575 573 1575 573 501 573 1575 573 1575 573 1575 573 1575 573
# 
name: Fan
type: raw
frequency: 38000
duty_cycle: 0.330000
data: 4490 4284 636 1513 635 465 608 1540 608 1513 634 439 634 466 607 1541 605 469 553 521 553 1595 553 521 552 521 552 1595 553 1595 553 520 553 1594 553 1594 553 520 579 1569 579 1569 578 1569 578 1570 578 1570 577 1571 577 497 576 1572 575 498 575 498 575 498 575 498 575 498 575 498 575 498 575 498 575 498 576 1572 575 498 576 498 576 498 575 498 576 1572 575 1572 576 1572 576 498 575 1573 575 1572 576 1572 575 1572 576 5162 4430 4344 575 1573 575 498 575 1572 576 1573 575 498 575 498 575 1573 575 498 575 498 575 1573 575 498 575 498 575 1573 575 1573 575 498 575 1573 575 1573 575 499 574 1573 575 1573 575 1573 575 1573 575 1573 575 1573 575 499 574 1573 574 499 574 499 574 499 574 499 574 499 574 499 574 499 574 499 574 499 574 1573 574 499 574 499 574 499 574 499 574 1573 575 1573 575 1573 575 499 574 1573 574 1573 575 1574 573 1573 575
# 
name: Cold
type: raw
frequency: 38000
duty_cycle: 0.330000
data: 4516 4228 693 1484 662 411 609 1539 609 1539 609 465 608 465 553 1595 553 520 553 520 553 1594 553 520 553 520 553 1594 553 1594 578 495 579 1568 579 1569 578 496 577 1571 576 1572 575 1572 576 1573 575 1573 575 1574 574 499 575 1574 574 499 575 499 574 499 574 499 574 500 574 499 574 499 574 499 574 500 573 1574 574 500 573 500 573 499 574 500 573 1574 574 1574 574 1574 574 500 573 1574 574 1574 574 1574 574 1574 574 5164 4427 4348 573 1575 573 500 573 1576 572 1575 572 524 549 501 572 1575 573 501 573 500 573 1576 572 501 572 524 549 1575 573 1575 573 501 573 1598 549 1599 549 524 549 1599 548 1599 549 1599 548 1599 548 1599 549 1599 549 525 548 1599 548 525 549 525 548 525 549 524 549 525 548 525 549 524 549 525 548 525 548 1599 549 525 549 525 548 525 548 525 548 1599 549 1599 549 1599 549 525 549 1599 549 1599 548 1599 549 1599 549
